[[1.         0.39530261 0.4073503  0.38805583 0.33777408 0.50832625
  0.08062706 0.08921051 0.16288666]
 [0.39530261 1.         0.48260679 0.44549131 0.4638189  0.49049044
  0.3513976  0.13919523 0.08468155]
 [0.4073503  0.48260679 1.         0.54304074 0.57670696 0.46988646
  0.36072063 0.08767148 0.12639882]
 [0.38805583 0.44549131 0.54304074 1.         0.5702761  0.46715943
  0.22501167 0.21928931 0.08691125]
 [0.33777408 0.4638189  0.57670696 0.5702761  1.         0.44804189
  0.38387967 0.14586948 0.205053  ]
 [0.50832625 0.49049044 0.46988646 0.46715943 0.44804189 1.
  0.0686618  0.2232242  0.24000183]
 [0.08062706 0.3513976  0.36072063 0.22501167 0.38387967 0.0686618
  1.         0.0448632  0.00641629]
 [0.08921051 0.13919523 0.08767148 0.21928931 0.14586948 0.2232242
  0.0448632  1.         0.21460561]
 [0.16288666 0.08468155 0.12639882 0.08691125 0.205053   0.24000183
  0.00641629 0.21460561 1.        ]]
特征值
[3.60155584 1.22708459 0.98513607 0.8218592  0.64739857 0.52575154
 0.36241567 0.42944738 0.39935113]
特征向量
0
[-0.33244257 -0.38457113 -0.41104616 -0.39797254 -0.41033736 -0.38647315
 -0.22739062 -0.15164504 -0.14766496]
[-0.07855404 -0.09087168 -0.09712756 -0.09403835 -0.09696007 -0.09132111
 -0.05373094 -0.03583275 -0.03489228]
1
[-0.17294436  0.14563034  0.18514062  0.036717    0.13015797 -0.27059789
  0.52115066 -0.48370108 -0.56349606]
[-0.03322568  0.02797817  0.0355688   0.00705399  0.02500565 -0.05198665
  0.10012228 -0.09292755 -0.10825758]
2
[-0.4762799  -0.04340902 -0.03457122 -0.03938365  0.15640747 -0.27764265
  0.52681662  0.5383845   0.31557013]
[-0.06948193 -0.00633271 -0.00504341 -0.00574547  0.02281745 -0.0405038
  0.07685447  0.07854204  0.04603684]
3
[ 0.06174145 -0.08362296  0.08888273 -0.26523587  0.12681143 -0.05502272
  0.16761344 -0.60736882  0.70345234]
[ 0.00733628 -0.00993629  0.01056127 -0.03151601  0.01506806 -0.00653794
  0.01991626 -0.07216912  0.08358601]
4
[-0.3496217  -0.50915231  0.22955995  0.50673942  0.38856622 -0.11667864
 -0.35416231 -0.13650768  0.01957222]
[-0.03338285 -0.04861528  0.02191902  0.04838489  0.03710139 -0.0111408
 -0.0338164  -0.01303413  0.00186881]
5
[-0.67055508  0.56471667 -0.10428729 -0.05041752  0.05064347  0.3294474
 -0.27479185 -0.16768276  0.0574873 ]
[-0.05095378  0.04291139 -0.00792453 -0.0038311   0.00384827  0.02503387
 -0.02088073 -0.01274179  0.00436831]